[
  {
    "user": "7q8e05cpgqjo358a97nuu1umdn",
    "run": 1,
    "task": "s",
    "data": 2,
    "layout": "v",
    "serverTime": 243.24282884597778,
    "accuracy": 0.24299065420560748,
    "numSelected": 11,
    "selectedCosineSimilarity": [
      [
        1,
        0.03151522947499927,
        0.03034330424545042,
        0,
        0,
        0.04662524041201569,
        0.023073510088207096,
        0,
        0,
        0,
        0.034050261230349946
      ],
      [
        0.03151522947499927,
        1,
        0.005236750598923109,
        0,
        0,
        0,
        0,
        0,
        0,
        0,
        0.008814764755799084
      ],
      [
        0.03034330424545042,
        0.005236750598923109,
        1,
        0,
        0,
        0.16269784336399212,
        0.05367636780729853,
        0,
        0,
        0,
        0.019802950859533486
      ],
      [
        0,
        0,
        0,
        1,
        0,
        0,
        0,
        0,
        0,
        0,
        0
      ],
      [
        0,
        0,
        0,
        0,
        1,
        0,
        0,
        0,
        0,
        0,
        0
      ],
      [
        0.04662524041201569,
        0,
        0.16269784336399212,
        0,
        0,
        1,
        0.12371791482634838,
        0,
        0,
        0,
        0
      ],
      [
        0.023073510088207096,
        0,
        0.05367636780729853,
        0,
        0,
        0.12371791482634838,
        1,
        0.029160592175990215,
        0,
        0,
        0
      ],
      [
        0,
        0,
        0,
        0,
        0,
        0,
        0.029160592175990215,
        1,
        0,
        0,
        0
      ],
      [
        0,
        0,
        0,
        0,
        0,
        0,
        0,
        0,
        1,
        0,
        0
      ],
      [
        0,
        0,
        0,
        0,
        0,
        0,
        0,
        0,
        0,
        1,
        0.09128709291752768
      ],
      [
        0.034050261230349946,
        0.008814764755799084,
        0.019802950859533486,
        0,
        0,
        0,
        0,
        0,
        0,
        0.09128709291752768,
        1
      ]
    ],
    "selectedPrecision": 0.9090909090909091,
    "selectedRecall": 0.5263157894736842,
    "numLabeled": 0,
    "labeledStability": -1,
    "labeledPrecision": null,
    "labeledRecall": 0,
    "assignmentPrecision": null
  },
  {
    "user": "7q8e05cpgqjo358a97nuu1umdn",
    "run": 2,
    "task": "s",
    "data": 3,
    "layout": "l",
    "serverTime": 228.13793396949768,
    "accuracy": 0.3142857142857143,
    "numSelected": 12,
    "selectedCosineSimilarity": [
      [
        1,
        0,
        0,
        0,
        0,
        0,
        0,
        0,
        0,
        0,
        0,
        0
      ],
      [
        0,
        1,
        0,
        0.11269462595659208,
        0,
        0,
        0,
        0.01625371782824498,
        0,
        0,
        0,
        0
      ],
      [
        0,
        0,
        1,
        0,
        0.0262431940540739,
        0,
        0,
        0.03730235484764954,
        0.028116077855776665,
        0,
        0,
        0.05698028822981897
      ],
      [
        0,
        0.11269462595659208,
        0,
        1,
        0.009049866402333347,
        0,
        0,
        0.047166446264745046,
        0.004847861655637197,
        0,
        0,
        0
      ],
      [
        0,
        0,
        0.0262431940540739,
        0.009049866402333347,
        1,
        0,
        0,
        0.04307304922539481,
        0.03246565023717827,
        0,
        0,
        0
      ],
      [
        0,
        0,
        0,
        0,
        0,
        1,
        0,
        0,
        0,
        0,
        0,
        0
      ],
      [
        0,
        0,
        0,
        0,
        0,
        0,
        1,
        0.0075608017717851885,
        0,
        0,
        0,
        0
      ],
      [
        0,
        0.01625371782824498,
        0.03730235484764954,
        0.047166446264745046,
        0.04307304922539481,
        0,
        0.0075608017717851885,
        1,
        0.023073510088207093,
        0.029160592175990215,
        0,
        0
      ],
      [
        0,
        0,
        0.028116077855776665,
        0.004847861655637197,
        0.03246565023717827,
        0,
        0,
        0.023073510088207093,
        1,
        0,
        0,
        0
      ],
      [
        0,
        0,
        0,
        0,
        0,
        0,
        0,
        0.029160592175990215,
        0,
        1,
        0,
        0
      ],
      [
        0,
        0,
        0,
        0,
        0,
        0,
        0,
        0,
        0,
        0,
        1,
        0
      ],
      [
        0,
        0,
        0.05698028822981897,
        0,
        0,
        0,
        0,
        0,
        0,
        0,
        0,
        1
      ]
    ],
    "selectedPrecision": 1,
    "selectedRecall": 0.6666666666666666,
    "numLabeled": 0,
    "labeledStability": -1,
    "labeledPrecision": null,
    "labeledRecall": 0,
    "assignmentPrecision": null
  },
  {
    "user": "7q8e05cpgqjo358a97nuu1umdn",
    "run": 3,
    "task": "c",
    "data": 4,
    "layout": "v",
    "serverTime": 246.16026496887207,
    "accuracy": 0.4864864864864865,
    "numSelected": 0,
    "selectedCosineSimilarity": [],
    "selectedPrecision": null,
    "selectedRecall": null,
    "numLabeled": 29,
    "labeledStability": -1,
    "labeledPrecision": 0.6206896551724138,
    "labeledRecall": 0.45,
    "assignmentPrecision": 0.6206896551724138
  },
  {
    "user": "7q8e05cpgqjo358a97nuu1umdn",
    "run": 4,
    "task": "c",
    "data": 5,
    "layout": "l",
    "serverTime": 220.13745594024658,
    "accuracy": 0.5064935064935064,
    "numSelected": 0,
    "selectedCosineSimilarity": [],
    "selectedPrecision": null,
    "selectedRecall": null,
    "numLabeled": 22,
    "labeledStability": -1,
    "labeledPrecision": 0.45454545454545453,
    "labeledRecall": 0.2222222222222222,
    "assignmentPrecision": 0.45454545454545453
  }
]