[
  {
    "user": "94a1g1t4acsfstvnsne6p99ukk",
    "run": 1,
    "task": "s",
    "data": 2,
    "layout": "l",
    "serverTime": 229.15282702445984,
    "accuracy": 0.24299065420560748,
    "numSelected": 9,
    "selectedCosineSimilarity": [
      [
        1,
        0.03246565023717827,
        0.004847861655637197,
        0,
        0,
        0.005975876272435884,
        0,
        0,
        0.034050261230349946
      ],
      [
        0.03246565023717827,
        1,
        0.009049866402333347,
        0,
        0,
        0,
        0,
        0,
        0.031782086308186415
      ],
      [
        0.004847861655637197,
        0.009049866402333347,
        1,
        0,
        0,
        0.11493935356309708,
        0,
        0,
        0.047457899787624956
      ],
      [
        0,
        0,
        0,
        1,
        0,
        0,
        0,
        0,
        0
      ],
      [
        0,
        0,
        0,
        0,
        1,
        0,
        0,
        0,
        0
      ],
      [
        0.005975876272435884,
        0,
        0.11493935356309708,
        0,
        0,
        1,
        0,
        0,
        0.005850054259504887
      ],
      [
        0,
        0,
        0,
        0,
        0,
        0,
        1,
        0,
        0
      ],
      [
        0,
        0,
        0,
        0,
        0,
        0,
        0,
        1,
        0.09128709291752768
      ],
      [
        0.034050261230349946,
        0.031782086308186415,
        0.047457899787624956,
        0,
        0,
        0.005850054259504887,
        0,
        0.09128709291752768,
        1
      ]
    ],
    "selectedPrecision": 1,
    "selectedRecall": 0.47368421052631576,
    "numLabeled": 0,
    "labeledStability": -1,
    "labeledPrecision": null,
    "labeledRecall": 0,
    "assignmentPrecision": null
  },
  {
    "user": "94a1g1t4acsfstvnsne6p99ukk",
    "run": 2,
    "task": "s",
    "data": 3,
    "layout": "v",
    "serverTime": 244.151789188385,
    "accuracy": 0.2980769230769231,
    "numSelected": 11,
    "selectedCosineSimilarity": [
      [
        1,
        0,
        0,
        0.0262431940540739,
        0.015957672558078225,
        0.07537783614444091,
        0,
        0,
        0.05698028822981897,
        0.028116077855776665,
        0
      ],
      [
        0,
        1,
        0,
        0,
        0,
        0,
        0,
        0.10846522890932807,
        0,
        0,
        0
      ],
      [
        0,
        0,
        1,
        0,
        0,
        0,
        0,
        0,
        0,
        0,
        0
      ],
      [
        0.0262431940540739,
        0,
        0,
        1,
        0.03685266618818547,
        0.08703882797784893,
        0,
        0,
        0,
        0.03246565023717827,
        0.009454600463289995
      ],
      [
        0.015957672558078225,
        0,
        0,
        0.03685266618818547,
        1,
        0.05292561240249631,
        0,
        0.16840826742715193,
        0,
        0.0197413552177564,
        0.005749049374468783
      ],
      [
        0.07537783614444091,
        0,
        0,
        0.08703882797784893,
        0.05292561240249631,
        1,
        0,
        0,
        0,
        0.04662524041201569,
        0
      ],
      [
        0,
        0,
        0,
        0,
        0,
        0,
        1,
        0,
        0,
        0,
        0
      ],
      [
        0,
        0.10846522890932807,
        0,
        0,
        0.16840826742715193,
        0,
        0,
        1,
        0,
        0,
        0
      ],
      [
        0.05698028822981897,
        0,
        0,
        0,
        0,
        0,
        0,
        0,
        1,
        0,
        0
      ],
      [
        0.028116077855776665,
        0,
        0,
        0.03246565023717827,
        0.0197413552177564,
        0.04662524041201569,
        0,
        0,
        0,
        1,
        0.005064670904261703
      ],
      [
        0,
        0,
        0,
        0.009454600463289995,
        0.005749049374468783,
        0,
        0,
        0,
        0,
        0.005064670904261703,
        1
      ]
    ],
    "selectedPrecision": 0.8181818181818182,
    "selectedRecall": 0.5,
    "numLabeled": 1,
    "labeledStability": -1,
    "labeledPrecision": 0,
    "labeledRecall": 0,
    "assignmentPrecision": 0
  },
  {
    "user": "94a1g1t4acsfstvnsne6p99ukk",
    "run": 3,
    "task": "c",
    "data": 4,
    "layout": "l",
    "serverTime": 229.170147895813,
    "accuracy": 0.45,
    "numSelected": 0,
    "selectedCosineSimilarity": [],
    "selectedPrecision": null,
    "selectedRecall": null,
    "numLabeled": 23,
    "labeledStability": -1,
    "labeledPrecision": 0.6956521739130435,
    "labeledRecall": 0.32,
    "assignmentPrecision": 0.6956521739130435
  },
  {
    "user": "94a1g1t4acsfstvnsne6p99ukk",
    "run": 4,
    "task": "c",
    "data": 5,
    "layout": "v",
    "serverTime": 242.18626999855042,
    "accuracy": 0.4794520547945205,
    "numSelected": 0,
    "selectedCosineSimilarity": [],
    "selectedPrecision": null,
    "selectedRecall": null,
    "numLabeled": 25,
    "labeledStability": -1,
    "labeledPrecision": 0.44,
    "labeledRecall": 0.22448979591836735,
    "assignmentPrecision": 0.44
  }
]